Day,Actual,Predicted
0,811.8532322474888,1364.1575241689382
1,821.627458844866,1392.4575383012289
2,819.8503287179129,1421.8850494904516
3,805.929460797991,1416.2184047991466
4,788.454328264509,1520.1484699603245
5,773.9410792759487,1564.6211550002372
6,762.9820992606027,1572.5805930362421
7,755.5773838588169,1522.9612727235233
8,753.2078726632254,1489.6609603406623
9,754.3926260811942,1474.3212224839588
10,744.3222133091518,1493.4368335066572
11,738.9908185686384,1458.100222559768
12,734.8441772460938,1511.1884322851936
13,729.8089686802456,1487.1772808802414
14,725.958513532366,1474.7688733748575
15,724.7737601143973,1423.5746751088138
16,724.4775695800781,1422.5516659256923
17,723.2928161621094,1380.9600922589889
18,722.9966256277902,1359.7852331392548
19,724.1813834054129,1337.1642834455438
20,726.2547040666852,1374.5601424894685
21,729.2165876116071,1384.2899345011208
22,730.9937177385601,1368.4987658304349
23,732.7708478655134,1351.2080476735898
24,734.2517874581473,1346.6205710226482
25,734.8441641671317,1342.9121964831459
26,735.436540876116,1329.3989714593315
27,736.0289175851004,1335.560786074586
28,743.4336373465402,1377.484182989127
29,749.3574131556919,1393.7994109959013
30,756.1697518484933,1395.3043603721799
31,763.8706577845982,1389.6163861149032
32,780.753413609096,1391.092176084537
33,804.7446943010602,1426.5189651964201
34,826.3664681570871,1437.8063555130152
35,847.6920558384487,1444.5961773491567
36,868.721457345145,1497.3744333817283
37,892.7127467564175,1528.1648768370892
38,920.8506731305804,1533.2270038295267
39,948.396222795759,1540.2128416770026
40,976.5341535295757,1581.0352009961966
41,1004.6720842633929,1631.613271799616
42,1026.2938581194196,1618.023908325118
43,1047.9156319754463,1610.8998332905853
44,1073.3878653390068,1665.5658909089013
45,1118.1123613630023,1695.7958257698679
46,1178.831045968192,1695.9796920284336
47,1265.3181501116069,1723.9851421547107
48,1362.4680437360491,1791.109556262015
49,1459.6179373604912,1816.1364269984276
50,1557.0640171595983,1775.3497069540217
51,1641.477791922433,1805.681969732751
52,1736.2581874302455,1908.7043133648567
53,1831.9271414620537,2046.203335442336
54,1924.6342075892858,2083.8559592614383
55,2009.6403634207588,2139.510196771606
56,2098.2007882254466,2231.0251045647506
57,2186.761204310826,2240.570490328825
58,2267.6207188197545,2245.9647105636063
59,2328.635585239955,2322.767347731922
60,2363.58585030692,2439.5102721684275
61,2365.9553571428573,2555.4656226310176
62,2358.8468366350453,2609.292807319284
63,2351.7383161272323,2635.8197675308675
64,2345.81454031808,2690.6116425889654
65,2348.776436941964,2706.9023010956967
66,2338.1136300223216,2716.1709424911514
67,2328.635585239955,2717.9064671755286
68,2317.9727783203125,2777.1618914063283
69,2315.603271484375,2765.4171303966195
70,2309.0871233258927,2771.2047326265993
71,2303.7557373046875,2740.497987468089
72,2300.7938406808034,2742.1940929545945
73,2297.239571707589,2691.2034705460524
74,2292.500558035714,2635.8270573825284
75,2287.761544363839,2587.3373940827896
76,2280.06063406808,2579.0153534252663
77,2270.5825892857138,2571.014066240836
78,2262.881678989955,2525.3882346659243
79,2255.1807686941966,2504.8910617561755
80,2248.072248186384,2480.739783202625
81,2238.594220842634,2442.855234102894
82,2230.893327985491,2373.1569623701744
83,2219.0457763671875,2328.811174748068
84,2207.198224748884,2331.9922500174102
85,2200.089686802455,2311.3741195689868
86,2203.051583426339,2259.8486380441177
87,2204.236345563616,2245.40231200767
88,2210.1601213727677,2218.6407265703983
89,2213.7143903459823,2167.9198286733204
90,2221.415300641741,2152.148909590582
91,2229.70858328683,2147.255529164376
92,2233.855224609375,2178.229298889291
93,2236.8171037946427,2193.9159796861663
94,2238.59423828125,2188.423211456706
95,2248.66463797433,2171.080654354715
96,2262.8816964285716,2190.673345669463
97,2281.8377685546875,2171.6584425974916
98,2301.38623046875,2196.221732767153
99,2315.010916573661,2211.2277574144773
100,2319.157557896205,2240.8118654171626
101,2325.0813337053573,2287.4555762795826
102,2327.450840541295,2296.57599069126
103,2329.8203473772323,2286.3113395632804
104,2335.151733398438,2296.1296897728907
105,2341.075509207589,2322.1574301429355
106,2347.5916748046875,2295.1312500898125
107,2355.8849574497763,2280.5005178057872
108,2365.9553745814733,2312.2048926638577
109,2367.14013671875,2335.7994425460975
110,2364.178240094866,2317.2691796123427
111,2362.401105608259,2309.6404848461516
112,2358.2544468470983,2297.35789478055
113,2354.700177873884,2338.2501826767902
114,2351.1459089006703,2297.9343330507963
115,2346.406895228795,2265.857635768993
116,2341.66788155692,2285.356908984675
117,2336.9288504464284,2264.882685607934
118,2328.6355678013388,2255.0041266234925
119,2319.74991280692,2228.072444647459
120,2304.9404645647323,2241.272746038854
121,2296.6471819196427,2235.1022915994085
122,2287.7615094866073,2212.0528606247226
123,2278.283464704241,2173.664231782345
124,2272.359688895089,2167.4262787164066
125,2269.9901820591517,2147.037373603552
126,2272.359706333705,2139.779381294058
127,2275.91397530692,2112.1916126685173
128,2283.0225132533483,2116.1343424392016
129,2293.0929303850444,2134.34007197678
130,2300.2014508928573,2129.3867527702487
131,2310.8642578125,2120.919455068514
132,2320.9346749441966,2134.4909989056177
133,2333.9669712611612,2178.123191048445
134,2351.738298688616,2198.793160442014
135,2364.17822265625,2194.0895861535055
136,2376.0257742745534,2235.5467025562357
137,2389.058088030134,2291.697459962882
138,2401.4980119977677,2283.45506768462
139,2407.42178780692,2310.279561841783
140,2411.568429129464,2347.1672912254717
141,2413.937935965402,2412.100429922321
142,2414.5303083147323,2405.2074701848987
143,2412.7531738281255,2418.2284952243294
144,2413.937935965402,2457.5332154254643
145,2414.5303083147323,2473.6329878164743
146,2417.492204938616,2471.115829037313
147,2415.122698102679,2443.8234344013035
148,2415.122698102679,2462.785148555599
149,2415.122698102679,2479.155455441591
150,2438.8178013392862,2472.679367221387
151,2507.5335693359375,2459.489595615725
152,2558.47802734375,2472.8964428041872
153,2594.613054547991,2470.167068343333
154,2620.085274832589,2442.8738637238057
155,2644.3727504185263,2479.576106881893
156,2689.985804966517,2510.6289849970567
157,2739.1531284877233,2545.2808898768053
158,2793.6518380301336,2596.946498550273
159,2847.558175223214,2573.044424925733
160,2903.8340192522323,2573.933516833893
161,2972.5497872488836,2558.4971209440523
162,3043.6350795200888,2590.853262539535
163,3112.3508649553573,2662.9720350182783
164,3169.8114711216517,2698.109930008773
165,3185.2132917131694,2756.317775556408
166,3216.609305245536,2818.478610665954
167,3259.852852957589,2839.5057827909222
168,3325.0143694196418,2803.4806858538086
169,3378.3283342633927,2916.0149359312486
170,3414.4633614676336,2986.2639964561477
171,3445.8593575613836,2980.976964040237
172,3473.108729771205,3012.3346659526414
173,3500.3581019810263,3072.6538685369637
174,3527.0150844029017,3165.9693696904246
175,3556.0415910993297,3209.535953168301
176,3649.341029575892,3252.3541118756275
177,3745.898559570312,3375.1735326635007
178,3824.6847446986603,3313.819981126806
179,3915.9108537946427,3286.370449688322
180,4028.4625592912944,3339.122246259308
181,4156.416085379465,3502.676818140947
182,4297.105712890624,3569.7526332371767
183,4435.722011021205,3633.9443670206315
184,4571.376447405133,3760.6044596559327
185,4696.960466657366,3849.948881615582
186,4839.13103376116,3843.7511577310333
187,4999.072910853794,3863.439427100895
188,5161.976702008929,4033.99252657179
189,5306.220598493303,4169.36021201914
190,5384.710588727678,4275.923263602541
191,5464.681535993304,4361.580100599647
192,5550.576276506697,4507.758366066048
193,5618.699672154018,4580.551044831694
194,5674.975516183035,4638.506985505258
195,5722.365687779018,4732.146480065883
196,5771.23681640625,4940.773664779701
197,5851.207798549108,5005.81804121301
198,5960.797607421875,5104.768867695083
199,6091.120640345982,5175.092176709124
200,6249.581612723215,5331.914705578899
201,6480.608851841518,5406.58438615005
202,6661.283935546875,5482.4242229100755
203,6871.577880859375,5580.907958896821
204,7070.024344308035,5774.85905224961
205,7244.775634765625,5894.910489362275
206,7419.526925223216,6048.24360923689
207,7612.04963030134,6231.336063548564
208,7837.153041294643,6408.156005497537
209,8068.180245535715,6606.00365956049
210,8293.582972935268,6685.411203722408
211,8518.461948939732,6851.569062630612
212,8748.260184151786,7069.109575970027
213,9022.744175502232,7189.8662387322875
214,9279.890345982143,7342.473613374854
215,9409.198939732141,7496.404501085687
216,9529.364467075893,7772.311886736754
217,9611.244419642857,7933.1303342948895
218,9755.276646205357,8103.662104199813
219,9909.327845982143,8393.38240877632
220,10031.23618861607,8612.453250975577
221,10093.692173549107,8859.4658245977
222,10128.967494419643,8904.92965946903
223,10144.642857142857,9092.504022579811
224,10173.214285714286,9257.076473748959
225,10198.214285714284,9370.419087377273
226,10180.357142857145,9480.864119967515
227,10091.07142857143,9577.373116137593
228,9991.07142857143,9710.340010437854
229,9935.714285714286,9780.729738100365
230,9933.92857142857,9893.704079222536
231,9946.42857142857,10000.300070135665
232,9896.42857142857,10116.117993394715
233,9866.07142857143,10183.89633419548
234,9917.857142857143,10209.313616987525
235,10001.785714285714,10223.883600507708
236,10098.214285714286,10293.926655224552
237,10214.285714285714,10309.720253845791
238,10307.142857142857,10341.339850428987
239,10380.357142857143,10354.283387045203
240,10439.285714285714,10443.866484148131
241,10514.285714285714,10502.537370273505
242,10558.928571428569,10634.605722857897
243,10578.57142857143,10716.127863990574
244,10569.642857142857,10828.956408079523
245,10567.857142857143,10890.07992429713
246,10608.92857142857,10940.211424187675
247,10633.92857142857,11028.206953595496
248,10592.857142857143,11128.381395178627
249,10555.357142857143,11205.48642619363
250,10487.5,11296.100902309365
251,10407.142857142857,11338.018089350267
252,10330.357142857143,11438.085613109035
253,10260.714285714286,11502.038671749211
254,10239.285714285714,11536.055819545423
255,10219.642857142857,11503.374604564753
256,10226.785714285714,11518.019106568583
257,10242.857142857143,11512.401060888353
258,10260.714285714286,11528.304817268028
259,10273.214285714286,11531.962702834913
260,10244.642857142857,11585.663530094385
261,10264.285714285716,11615.830556235462
262,10373.214285714288,11650.415772472235
263,10548.214285714286,11654.07905792924
264,10703.57142857143,11681.396022065293
265,10862.5,11640.369816894092
266,11008.92857142857,11601.224933440491
267,11133.92857142857,11635.858748688339
268,11232.142857142857,11765.55006964217
269,11360.714285714288,11914.292202937264
270,11457.142857142857,12129.179750261015
271,11601.785714285714,12261.488937944734
272,11794.642857142857,12289.812441599044
273,11994.642857142857,12266.57995434931
274,12200.0,12386.341957351575
275,12362.5,12511.250055637634
276,12528.57142857143,12634.167754425682
277,12642.857142857141,12810.903998077803
278,12780.357142857143,12948.645475221643
279,12923.214285714286,13087.048978894123
280,13114.285714285714,13105.630000795001
281,13255.357142857143,13266.473287847686
282,13398.214285714286,13453.132369583229
283,13489.285714285714,13553.448288287487
284,13589.285714285714,13673.199491509515
285,13669.642857142857,13850.146330876292
286,13721.42857142857,13972.337204454267
287,13758.92857142857,14071.415468343159
288,13778.57142857143,14119.65700669191
289,13883.92857142857,14218.658592141106
290,13900.0,14302.320169739092
291,13889.285714285712,14375.962791209533
292,13883.92857142857,14416.925277677325
293,13866.07142857143,14449.979085076235
294,13846.42857142857,14527.200753717818
295,13871.428571428572,14599.606800350914
296,13919.642857142859,14659.940852633064
297,14028.571428571431,14717.576039833535
298,14203.57142857143,14793.939125946132
299,14316.07142857143,14808.76938417007
300,14419.642857142859,14811.943439582257
301,14587.5,14806.895622298636
302,14810.714285714286,14858.636289444763
303,14983.92857142857,14932.097474607192
304,15210.714285714286,14976.149778201308
305,15516.07142857143,15052.254749566197
306,15828.57142857143,15104.218972163268
307,16117.857142857145,15182.565977905735
308,16321.42857142857,15220.950556830523
309,16521.428571428572,15291.005491305628
310,16696.428571428572,15399.46120437588
311,16783.928571428572,15503.554886207678
312,16848.214285714286,15600.582271829218
313,16910.714285714286,15693.643978147067
314,16976.785714285714,15795.295829666868
315,17035.714285714286,15858.877375866829
316,17026.785714285714,15922.468641869005
317,16950.0,15976.491302579594
318,16907.14285714286,16019.275711973674
319,16750.0,16065.577609791537
320,16580.35714285714,16123.396393256067
321,16475.0,16178.465552671798
322,16387.5,16220.714292966033
323,16353.57142857143,16267.98601104934
324,16269.642857142857,16310.924857300835
325,16212.5,16321.304526088357
326,16135.714285714284,16344.386896392773
327,16064.285714285714,16339.699791769128
328,15957.142857142857,16342.589812961034
329,15767.857142857143,16338.512895920881
330,15655.357142857143,16323.138328772908
331,15560.714285714286,16322.317545474758
332,15375.0,16303.133895836556
333,15230.357142857143,16269.459101073913
334,15087.5,16233.64702980201
335,14969.642857142857,16165.598694495277
336,14878.57142857143,16138.198572051384
337,14767.857142857143,16099.405761433569
338,14687.5,16062.606590247839
339,14635.714285714286,16014.784083372353
340,14644.642857142857,15980.696737004588
341,14716.07142857143,15953.340893659675
342,14801.785714285714,15918.823716038407
343,14962.5,15874.585656224182
344,15107.142857142857,15826.66703130457
345,15216.07142857143,15819.54349625905
346,15337.5,15820.318920480197
347,15417.857142857143,15810.133647736971
348,15485.714285714288,15857.094332149401
349,15505.357142857143,15894.789885094953
350,15516.07142857143,15925.070308928536
351,15483.92857142857,15921.974011934068
352,15421.42857142857,15915.608621461311
353,15335.714285714286,15954.859342761252
354,15141.07142857143,15969.078333423673
355,14908.92857142857,15989.673514339089
356,14669.642857142857,16003.45295394579
357,14412.5,15987.974708907524
358,14096.42857142857,15976.388704667326
359,13841.07142857143,15950.06964022534
360,13642.857142857145,15897.78898406727
361,13523.214285714286,15833.6372094707
362,13442.857142857143,15757.811952413997
363,13417.857142857143,15675.34699046647
364,13405.357142857143,15581.880292389666
365,13435.714285714286,15499.573007233626
366,13532.142857142857,15424.227260419526
367,13619.642857142857,15355.738294079049
368,13742.857142857143,15313.001403718019
369,13926.785714285714,15258.693628809126
370,14116.07142857143,15204.916123109957
371,14301.785714285714,15167.72815983563
372,14526.785714285714,15159.716882854478
373,14728.57142857143,15143.816366408875
374,14875.0,15152.139757038927
375,15060.714285714286,15195.318358411725
376,15267.857142857143,15221.82317907382
377,15387.5,15275.182733277745
378,15485.714285714288,15311.200000374185
379,15526.785714285714,15365.27773996399
380,15558.92857142857,15431.192038695537
381,15630.357142857143,15481.12806256376
382,15698.214285714286,15556.426290344809
383,15694.642857142857,15607.269495753091
384,15730.357142857143,15682.968395381
385,15744.642857142857,15693.181747552846
386,15694.642857142857,15712.756349235693
387,15694.642857142857,15736.942457080515
388,15696.42857142857,15758.28606276648
389,15605.357142857143,15785.67214549606
390,15508.92857142857,15784.744444373548
391,15466.07142857143,15801.247588556476
392,15414.285714285714,15799.765858707711
393,15410.714285714286,15806.65503852205
394,15383.92857142857,15817.733453091025
395,15353.57142857143,15818.353360476733
396,15303.57142857143,15832.194358830795
397,15312.5,15812.221245257135
398,15328.57142857143,15778.812125088367
399,15360.714285714286,15764.230261809922
400,15437.500000000002,15754.29554396824
401,15448.214285714286,15731.686204038284
402,15478.57142857143,15705.23970218948
403,15580.357142857143,15713.859006798077
404,15617.857142857141,15709.991605494557
405,15614.285714285714,15716.615110715022
406,15630.357142857143,15711.486295079609
407,15703.57142857143,15717.773927134645
408,15875.0,15739.964235591335
409,16007.142857142857,15761.653434244941
410,16130.357142857143,15778.31209526331
411,16241.07142857143,15794.775280259357
412,16341.07142857143,15826.468315348176
413,16344.642857142857,15860.900174705559
414,16455.35714285714,15886.55829259693
415,16601.785714285714,15924.816514092923
416,16755.35714285714,15968.469225818204
417,16925.0,16005.905584038024
418,17132.14285714286,16002.227178888685
419,17358.928571428572,16016.257173396927
420,17541.071428571428,16054.669831750336
421,17639.285714285714,16092.826535312084
422,17619.64285714286,16159.276503143476
423,17714.285714285714,16229.792588234779
424,17844.64285714286,16299.893961764912
425,17969.64285714286,16351.912183263177
426,18101.785714285714,16399.384777258925
427,18291.071428571428,16460.55473253156
428,18410.714285714286,16503.704174497714
429,18478.571428571428,16544.54246349276
430,18428.571428571428,16598.080214070626
431,18239.285714285714,16658.280349077813
432,18032.14285714286,16714.200531176364
433,17826.785714285714,16768.109794194443
434,17689.285714285714,16814.628767595106
435,17650.0,16837.030751744474
436,17594.64285714286,16841.897132720085
437,17460.714285714286,16823.812900710192
438,17307.14285714286,16796.694652530532
439,17135.714285714286,16793.0346070076
440,16933.928571428572,16767.77176107297
441,16680.35714285714,16777.49912313407
442,16391.071428571428,16752.69310790354
443,16091.07142857143,16745.173220923254
444,15901.785714285714,16712.927237086205
445,15842.857142857143,16656.126872898196
446,15792.857142857145,16598.37936798324
447,15748.214285714286,16522.19339826656
448,15719.642857142857,16417.135296059438
449,15639.285714285714,16318.381025577712
450,15592.857142857143,16249.584265500427
451,15491.07142857143,16212.992450095282
452,15467.857142857143,16173.938284795688
453,15469.642857142857,16148.633319718125
454,15441.07142857143,16117.807506982483
455,15489.285714285714,16096.018950350677
456,15548.214285714286,16044.000728852412
457,15608.92857142857,16023.1117939145
458,15646.42857142857,16018.56508643396
459,15696.42857142857,15977.818595570945
460,15725.0,16021.825540088059
461,15721.42857142857,15986.885011081427
462,15650.0,15967.263970343553
463,15612.5,15937.492216159219
464,15583.92857142857,15925.181546664995
465,15601.785714285714,15956.072158082072
466,15555.357142857143,15970.378626964426
467,15453.57142857143,15964.0099965576
468,15364.285714285714,15993.625153928471
469,15296.42857142857,15940.61767256033
470,15194.642857142857,15936.369039014382
471,15142.857142857143,15931.867690610845
472,15073.214285714286,15963.002377061317
473,14978.57142857143,15895.997300525652
474,14910.714285714286,15854.624422408784
475,14812.5,15804.931393595936
476,14726.785714285714,15770.969324678941
477,14558.92857142857,15729.038097923727
478,14373.214285714286,15688.047532027314
479,14232.142857142857,15657.98094384246
480,14105.357142857143,15622.610583582324
481,13960.714285714286,15559.989137845592
482,13875.0,15490.576790294695
483,13744.642857142857,15414.431859742923
484,13648.214285714286,15354.11940702125
485,13544.642857142857,15290.05403066659
486,13444.642857142857,15211.942460133328
487,13298.214285714286,15155.845161638865
488,13139.285714285714,15113.867495828623
489,13023.214285714286,15012.923029914466
490,12914.285714285714,14935.119253118011
491,12850.0,14860.163378370531
492,12771.42857142857,14786.568275933143
493,12635.714285714286,14684.160439796626
494,12428.57142857143,14588.139593693342
495,12217.857142857143,14498.96148834937
496,11939.285714285714,14423.907335601718
497,11635.714285714286,14340.031922355003
498,11289.285714285714,14271.886389026118
499,10916.07142857143,14149.629636788688
500,10523.214285714284,14010.32003155417
501,10242.857142857143,13836.698444522923
502,9953.57142857143,13640.702952770927
503,9625.0,13451.496202877048
504,9312.5,13260.953520167628
505,8975.0,13022.533251703504
506,8755.357142857143,12847.92240480238
507,8575.0,12665.294881029988
508,8469.642857142857,12501.343417224572
509,8387.5,12346.927079392004
510,8358.92857142857,12056.319032879866
511,8341.07142857143,11817.232417975007
512,8344.642857142857,11612.620861548487
513,8410.714285714286,11414.979483288094
514,8541.07142857143,11259.708882838637
515,8557.142857142857,11132.98966140653
516,8562.5,11063.767389987835
517,8655.357142857143,10886.711472840645
518,8741.07142857143,10650.863712029406
519,8894.642857142857,10536.2823636077
520,8946.42857142857,10572.290990879948
521,8980.357142857143,10515.773580934194
522,8985.714285714286,10406.255169488442
523,9007.142857142857,10347.068053867653
524,9008.92857142857,10374.388257937777
525,9044.642857142857,10342.028876408223
526,9116.07142857143,10322.630311143268
527,9173.214285714286,10281.94213909354
528,9208.92857142857,10312.075685915876
529,9241.071428571431,10236.371386397846
530,9246.428571428569,10144.779530170501
531,9164.285714285714,10126.889694204907
532,9051.785714285714,10138.54373706061
533,8907.142857142857,10149.730149431973
534,8837.5,10104.388352077342
535,8805.357142857143,10067.634539968614
536,8787.5,10023.867350572802
537,8750.0,9933.594147512615
538,8762.5,9813.822424708134
539,8739.285714285714,9749.223539209675
540,8730.357142857143,9718.183890825305
541,8746.42857142857,9722.693879053033
542,8767.857142857143,9668.501661792694
543,8826.785714285714,9602.873557237477
544,8907.142857142857,9575.262839078929
545,9030.357142857143,9468.556690407364
546,9192.857142857143,9439.42212325712
547,9378.57142857143,9400.136842660415
548,9476.785714285714,9428.262710336354
549,9600.0,9458.772089511
550,9698.214285714284,9439.399443718617
551,9839.285714285714,9452.53089651099
552,9941.07142857143,9567.663033724877
553,10107.142857142857,9640.774306007566
554,10244.642857142857,9719.471224629771
555,10346.42857142857,9779.617360735767
556,10425.0,9833.142151577345
557,10485.714285714286,9899.547840309757
558,10580.357142857143,10017.98147034265
559,10658.92857142857,10120.494064347482
560,10687.5,10272.448052285601
561,10657.142857142857,10375.25440031293
562,10644.642857142857,10429.197142649751
563,10544.642857142857,10523.426305211417
564,10471.42857142857,10563.761324447334
565,10355.357142857143,10667.038542893075
566,10239.285714285714,10700.931493216542
567,10082.142857142857,10776.95546622964
568,9917.857142857143,10793.526649028074
569,9760.714285714286,10795.850761735466
570,9576.785714285714,10784.864145298521
571,9387.5,10761.041990047748
572,9205.357142857143,10656.952628128049
573,9025.0,10569.863200282263
574,8889.285714285714,10489.267680294075
575,8760.714285714286,10365.381241218607
576,8650.0,10253.057046866812
577,8532.142857142857,10099.289775826597
578,8414.285714285714,9976.853747237203
579,8325.0,9813.813784883943
580,8230.357142857143,9632.496274454517
581,8176.785714285715,9462.526093122011
582,8103.571428571428,9304.85578150349
583,8019.642857142858,9163.627595309548
584,7950.0,9037.793955857023
585,7900.0,8937.114084558716
586,7825.0,8866.899853325087
587,7775.0,8800.652921362185
588,7712.499999999999,8689.350386220982
589,7644.642857142857,8622.608824323144
590,7573.214285714285,8553.062019508274
591,7514.285714285715,8490.431933947351
592,7450.0,8426.885487033165
593,7369.642857142857,8383.618867451423
594,7292.857142857143,8309.106323682747
595,7182.142857142857,8238.048089623455
596,7110.714285714285,8178.640658485794
597,7055.357142857143,8155.258594279752
598,7033.928571428572,8059.664879484914
599,6983.928571428571,7982.970240118986
600,6921.428571428572,7881.7201404240695
601,6816.071428571428,7784.930889956794
602,6700.0,7668.955289906256
603,6569.642857142857,7607.619558006956
604,6416.071428571428,7552.0946478651485
605,6250.357142857143,7480.694060772286
606,6100.357142857143,7360.495746648373
607,6016.428571428572,7224.905585728104
608,5930.714285714286,7078.619322459314
609,5853.928571428572,6928.179463710678
610,5770.0,6778.787723634217
611,5675.357142857143,6623.805477317136
612,5545.0,6544.5269905290725
613,5418.214285714285,6401.6626376289505
614,5298.214285714285,6340.9338533790715
615,5228.571428571429,6252.695868904888
616,5160.714285714285,6108.954573849375
617,5119.285714285715,6008.23906327628
618,5104.642857142857,5859.80742366305
619,5107.5,5734.3258570463095
620,5121.785714285715,5665.567436188873
621,5080.0,5598.116868718356
622,5040.714285714285,5557.306659151931
623,4978.214285714285,5451.412653954325
624,4990.714285714285,5328.034884528105
625,5006.785714285715,5290.432209692607
626,5062.142857142856,5275.964284095682
627,5151.428571428572,5206.383999962071
628,5237.499999999999,5112.921081808351
629,5310.714285714285,5088.159345676801
630,5371.428571428572,5101.026203853323
631,5407.5,5102.322717470992
632,5440.0,5124.582684510221
633,5472.5,5149.2423627185135
634,5472.5,5153.349519143334
635,5463.928571428572,5136.965172543031
636,5452.499999999999,5100.727589929719
637,5455.357142857143,5063.061196390812
638,5372.142857142857,5098.302499277094
639,5263.214285714285,5115.0551183835405
640,5123.928571428572,5155.878827675264
641,4966.785714285715,5104.592291288179
642,4820.714285714284,5107.702627996957
643,4653.928571428572,5056.615887544289
644,4498.928571428572,5001.131476578377
645,4354.285714285714,4920.411759117444
646,4271.785714285714,4821.986341943988
647,4192.142857142856,4752.312909705818
648,4116.428571428572,4652.354463727464
649,4062.1428571428573,4540.544878904048
650,4001.4285714285716,4393.5177507108765
651,3932.857142857142,4320.848189439954
652,3873.571428571428,4239.3519677798495
653,3836.4285714285706,4144.323621480513
654,3821.4285714285716,4061.602434746821
655,3782.857142857142,3983.685530252365
656,3754.285714285714,3887.486487775141
657,3735.0,3804.959427091242
658,3733.5714285714284,3745.6405541515396
659,3763.571428571428,3737.0633686858746
660,3728.571428571428,3733.7327164602248
661,3691.4285714285716,3713.9982780298424
662,3653.571428571428,3699.7722675102664
663,3597.142857142858,3656.2307935214453
664,3541.4285714285716,3647.855023957234
665,3494.9999999999995,3615.923583719643
666,3444.2857142857138,3611.5591225306325
667,3380.0000000000005,3587.032821608289
668,3341.428571428571,3539.196815007504
669,3308.5714285714284,3482.8883808093706
670,3273.5714285714284,3434.2909897017494
671,3239.9999999999995,3411.649520425585
672,3212.142857142857,3355.0184427928166
673,3175.714285714286,3304.8081045065287
674,3145.7142857142853,3262.509145234183
675,3120.7142857142853,3225.508018157987
676,3116.4285714285716,3188.068959993107
677,3138.5714285714284,3145.110404142676
678,3157.8571428571427,3102.2625460396926
679,3174.9999999999995,3083.933969001898
680,3192.1428571428573,3030.031725840972
681,3221.4285714285716,3007.587352554165
682,3249.9999999999995,2996.048597352512
683,3292.142857142857,3006.350777716821
684,3330.7142857142853,3040.0582418146855
685,3360.7142857142853,2979.939105159287
686,3382.857142857142,2969.220593266771
687,3389.285714285714,2952.6920696002803
688,3379.2857142857138,2969.3458707175414
689,3356.4285714285716,2972.1945827500344
690,3311.428571428571,3002.5632947870695
691,3260.7142857142853,3025.127275640021
692,3239.2857142857138,3032.274840196573
693,3222.1428571428573,2993.9253605575614
694,3204.2857142857138,2960.700646636372
695,3187.8571428571427,2951.950124697874
696,3127.8571428571418,2932.176537064126
697,3053.5714285714284,2939.5668266815455
698,2975.0,2958.8395745067187
699,2903.571428571428,2928.473562414743
700,2837.8571428571427,2922.8763063114725
701,2794.2857142857133,2869.005652507745
702,2778.5714285714284,2806.01323431981
703,2770.0000000000005,2749.649451247953
704,2766.428571428571,2699.1377990930023
705,2747.142857142857,2690.0951430990444
706,2713.571428571428,2670.5551007129607
707,2694.2857142857138,2635.2986781343448
708,2669.9999999999995,2672.9000029973126
709,2641.4285714285716,2624.4297793020037
710,2615.0,2559.589788709714
711,2590.714285714286,2511.3884795423514
712,2564.285714285714,2488.5377645240596
713,2547.8571428571427,2465.43163470312
714,2521.4285714285716,2470.9816417678458
715,2497.1428571428573,2460.9408160853154
716,2463.5714285714284,2529.7254264098315
717,2429.9999999999995,2459.1221330930994
718,2391.4285714285716,2397.3495500831386
719,2379.285714285714,2378.3778461321226
720,2374.285714285714,2418.067308504265
721,2353.5714285714284,2378.7793279625002
722,2344.285714285714,2363.6704354084013
723,2332.1428571428573,2350.42099501692
724,2332.1428571428573,2368.005737190767
725,2337.1428571428573,2342.317379914727
726,2342.8571428571427,2312.2861610101545
727,2350.714285714286,2323.080811353354
728,2361.4285714285716,2333.7990532513636
729,2353.5714285714284,2305.9753094276043
730,2340.714285714286,2287.18639175713
731,2330.714285714286,2285.7762104524472
732,2320.714285714286,2297.193468126414
733,2290.0,2282.1412744185686
734,2254.6428571428573,2262.6263415215403
735,2229.6428571428573,2268.385324333887
736,2203.9285714285716,2258.3795979371334
737,2188.214285714286,2224.2774018715404
738,2170.3571428571427,2202.6821613060106
739,2159.6428571428573,2180.404644623894
740,2159.6428571428573,2174.9518355813175
741,2156.785714285714,2129.146997648947
742,2160.3571428571427,2102.9955997951683
743,2166.0714285714284,2093.7704275151746
744,2186.785714285714,2089.5671530462287
745,2208.9285714285716,2055.342379474925
746,2232.5,2052.4361586126606
747,2259.6428571428573,2058.209181139318
748,2289.285714285714,2064.5626918538114
749,2322.1428571428573,2061.0244138530707
750,2357.1428571428573,2073.6237074741753
751,2384.285714285714,2101.0942984841254
752,2410.714285714286,2136.406069936465
753,2422.1428571428573,2136.4098498595486
754,2426.4285714285716,2170.9299974203836
755,2434.285714285714,2214.8122044757392
756,2437.1428571428573,2241.1399087419168
757,2450.0,2269.465572352274
758,2455.714285714286,2291.4663446657714
759,2468.5714285714284,2320.432975233303
760,2505.714285714286,2331.9606606602115
761,2563.5714285714284,2328.6864372863097
762,2616.428571428572,2352.7726471639216
763,2655.7142857142853,2378.208829571385
764,2690.0,2407.080692067321
765,2716.4285714285716,2428.475866703927
766,2745.714285714286,2458.7371209275857
767,2791.4285714285716,2496.3352058564824
768,2835.0,2514.2342216352786
769,2892.142857142857,2546.448346120621
770,2952.857142857142,2568.1718340764864
771,2993.5714285714284,2574.1667920870514
772,3039.9999999999995,2593.39094090115
773,3079.285714285714,2637.9276146389775
774,3100.714285714286,2673.1089787449337
775,3120.0,2722.8740960908767
776,3134.2857142857138,2749.167781049302
777,3150.0,2772.999116113278
778,3159.2857142857138,2769.422498892689
779,3175.714285714286,2796.393600066594
780,3192.8571428571427,2831.426737188772
781,3205.714285714286,2878.9714197176154
782,3227.1428571428573,2901.6879474664397
783,3225.7142857142853,2918.276679907762
784,3223.571428571428,2946.1506427096315
785,3220.0,2954.6551996531907
786,3205.714285714286,2930.044390450478
787,3195.7142857142853,2953.011743095349
788,3175.714285714286,2965.8637515740425
789,3142.142857142857,2990.461871034974
790,3115.7142857142853,2990.397882337059
791,3094.999999999999,2980.963194320432
792,3079.285714285714,2982.329906509654
793,3062.142857142857,2983.567291330516
794,3046.428571428572,2940.6678642768925
795,3010.0,2899.8417250346147
796,2971.4285714285716,2881.0179780728704
797,2932.142857142857,2861.0229949442264
798,2889.285714285714,2822.0487480183992
799,2868.571428571428,2805.2653495382724
800,2838.5714285714284,2771.0986247857527
801,2804.2857142857138,2727.626809379472
802,2778.5714285714284,2671.152868549179
803,2752.142857142857,2608.0405728005935
804,2723.571428571428,2586.461531905422
805,2697.1428571428573,2560.9686506517046
806,2667.1428571428564,2528.590099512226
807,2638.5714285714275,2511.4859475590065
808,2608.5714285714284,2501.6098185251185
809,2597.8571428571427,2485.6895924805785
810,2585.7142857142862,2455.6170644165927
811,2569.285714285714,2448.429810667663
812,2555.714285714286,2426.444968030018
813,2531.4285714285716,2412.375554323905
814,2509.285714285714,2408.5950912513085
815,2492.8571428571427,2410.6111402273887
816,2471.4285714285716,2401.021205369829
817,2442.8571428571427,2391.4666397925516
818,2413.5714285714284,2368.41558885083
819,2380.0,2361.0431188708044
820,2358.5714285714284,2322.0202729339026
821,2343.5714285714284,2314.938587036807
822,2336.4285714285716,2289.214590485979
823,2325.0,2270.1127491830853
824,2315.0,2234.550692823711
825,2308.5714285714284,2207.3563061933687
826,2297.1428571428573,2183.5827499536704
827,2285.0,2175.3338778072653
828,2285.0,2162.86391155452
829,2280.7142857142862,2150.0092031307677
830,2275.0,2142.4909361175182
831,2275.714285714286,2112.275310965368
832,2278.571428571429,2085.641702923926
833,2275.0,2066.671618939946
834,2256.4285714285716,2084.579544537439
835,2236.4285714285716,2079.9008097434794
836,2209.285714285714,2084.2204518444983
837,2187.8571428571427,2081.056656223538
838,2163.5714285714284,2076.171915621523
839,2140.714285714286,2038.7425772588583
840,2122.5,2033.5538228431208
841,2105.714285714286,1988.9885296876603
842,2080.0,1991.9411896049517
843,2051.4285714285716,1969.761680928502
844,2019.2857142857142,1955.20843706769
845,1975.7142857142858,1936.3244813311142
846,1948.5714285714287,1916.5495437248362
847,1928.5714285714287,1882.2923708128164
848,1906.4285714285713,1852.2787015511321
849,1883.5714285714287,1812.9934209544272
850,1860.0,1786.7791143807572
851,1835.357142857143,1768.3954584637443
852,1813.9285714285713,1763.6829743565384
853,1788.9285714285713,1773.009934565283
854,1761.0714285714287,1760.8272424668903
855,1734.2857142857142,1732.2826133121905
856,1708.2142857142858,1708.6494542155967
857,1687.142857142857,1681.3354600191096
858,1670.357142857143,1687.5885327773822
859,1669.642857142857,1689.372116483822
860,1667.5,1699.4353517103477
861,1675.0,1713.822008960976
862,1692.142857142857,1703.8705514599221
863,1707.142857142857,1679.9603780002028
864,1732.857142857143,1678.557216552675
865,1758.9285714285713,1685.8179088072288
866,1775.357142857143,1715.8269881623116
867,1803.2142857142858,1733.9927585130065
868,1852.857142857143,1763.7450730929115
869,1902.142857142857,1793.8861797614138
870,1953.9285714285713,1800.6438722513449
871,2008.5714285714287,1804.2952779500874
872,2065.3571428571427,1817.3962213632851
873,2113.9285714285716,1852.843530057622
874,2189.6428571428573,1915.8016589432984
875,2271.4285714285716,1949.2677479528252
876,2354.285714285714,2014.4654812655253
877,2435.714285714286,2046.7201049267633
878,2516.4285714285716,2038.9939421439167
879,2597.8571428571427,2069.260326263189
880,2707.857142857142,2143.1621424593604
881,2782.142857142857,2190.1330866630165
882,2844.999999999999,2294.9314541553945
883,2897.142857142857,2347.0322939724865
884,2947.857142857143,2430.792149570646
885,3007.8571428571427,2445.9725906688273
886,3063.5714285714284,2459.5940834895355
887,3157.1428571428573,2498.6431188935167
888,3181.4285714285716,2578.6624706059633
889,3196.428571428571,2610.6238802337175
890,3202.857142857142,2704.715615591843
891,3195.7142857142853,2724.018872796191
892,3182.142857142857,2803.8003593488775
893,3165.714285714286,2805.206490735971
894,3128.5714285714284,2858.1302738072604
895,3117.1428571428573,2897.9428536741257
896,3102.142857142857,2899.7904260784803
897,3095.714285714286,2884.2711418753065
898,3088.5714285714284,2926.402434559445
899,3070.714285714285,2936.578797483972
900,3074.285714285714,2952.631320836437
901,3040.7142857142853,2914.766211341136
902,3032.857142857142,2919.897726921608
903,3013.571428571428,2935.7032053011103
904,3010.7142857142853,2905.407391780687
905,3032.142857142857,2897.986592784093
906,3059.2857142857138,2886.934097687692
907,3090.0,2908.807162599865
908,3123.5714285714284,2885.868969361639
909,3161.428571428571,2864.3417674116135
910,3190.0,2871.978292018478
911,3221.4285714285716,2913.148404261362
912,3264.2857142857138,2940.2496427871442
913,3315.714285714286,2926.507462422267
914,3344.999999999999,2973.3382794773247
915,3373.571428571428,2981.3506364365
916,3407.1428571428573,2996.5337774797404
917,3433.571428571428,3002.061375000471
918,3431.4285714285716,3065.304888078958
919,3429.9999999999995,3129.956152511574
920,3417.1428571428573,3192.6221473417904
921,3400.7142857142853,3207.5860528461835
922,3374.2857142857138,3246.9280322891423
923,3344.999999999999,3236.4800548916087
924,3321.4285714285716,3234.8646777623885
925,3297.8571428571427,3229.1964131040477
926,3272.8571428571418,3252.032818413523
927,3233.5714285714284,3264.636701941229
928,3200.714285714286,3263.5326944063168
929,3160.0,3228.4936174050067
930,3101.428571428571,3187.1995776838826
931,3050.7142857142853,3156.9375134767056
932,3012.1428571428573,3120.521194500441
933,2966.4285714285716,3076.793694297007
934,2918.5714285714284,3034.670771442554
935,2874.2857142857138,2991.472460470821
936,2837.1428571428573,2929.748746466441
937,2800.0,2865.46629452898
938,2776.428571428571,2821.0351886429867
939,2750.7142857142853,2753.107540880421
940,2712.857142857142,2703.542759457908
941,2682.142857142857,2648.176336091105
942,2667.857142857142,2595.5573768170557
943,2660.0,2567.7447027680414
944,2662.8571428571418,2572.1642428362698
945,2664.2857142857138,2527.737456862372
946,2674.285714285714,2521.7095595220785
947,2682.142857142857,2490.4819949615517
948,2695.0,2493.518353175694
949,2703.5714285714284,2482.0152372488287
950,2704.9999999999995,2515.6786922422198
951,2715.7142857142853,2517.7657497733703
952,2714.9999999999995,2542.1935027010345
953,2721.4285714285716,2529.4872912555657
954,2734.2857142857138,2551.167850084982
955,2738.5714285714284,2531.493350434925
956,2721.4285714285716,2556.3282550775925
957,2702.857142857142,2566.0920663969973
958,2695.0,2618.7669145337823
959,2689.2857142857138,2605.4097463344187
960,2677.857142857142,2621.7095846543525
961,2665.714285714286,2599.624304060487
962,2635.714285714286,2599.212562438882
963,2596.4285714285716,2544.4760362545076
964,2567.1428571428573,2527.9664122034346
965,2527.8571428571427,2510.74535262913
966,2490.714285714286,2525.18951870953
967,2448.5714285714284,2476.3075533926162
968,2403.5714285714284,2435.4430749304906
969,2361.4285714285716,2387.885702659867
970,2316.4285714285716,2358.3339939978982
971,2281.4285714285716,2300.832184083376
972,2244.285714285714,2260.526324254103
973,2203.5714285714284,2236.267857881682
974,2170.0,2213.6968571715756
975,2147.8571428571427,2157.2842050941376
976,2145.0,2133.020878820609
977,2153.5714285714284,2109.5802258067724
978,2160.0,2097.941032648898
979,2172.8571428571427,2054.6641532759277
980,2180.0,2029.4153470556078
981,2186.4285714285716,2031.759439356442
982,2195.0,2044.4132718677529
983,2213.5714285714284,2057.5125953139145
984,2235.714285714286,2076.482409303389
985,2256.4285714285716,2093.8093067240343
986,2274.2857142857138,2101.040569577437
987,2297.8571428571427,2105.827032179279
988,2310.0,2121.581211602647
989,2313.5714285714284,2174.9410358010787
990,2324.285714285714,2212.569090120138
991,2335.0,2257.434887160743
992,2339.285714285714,2274.2388052233237
993,2336.4285714285716,2303.539958983752
994,2337.857142857143,2301.2296159961643
995,2341.4285714285716,2306.458599593291
996,2330.714285714286,2319.7158698254457
997,2312.1428571428573,2335.2184143692493
998,2297.1428571428573,2345.8048989483455
999,2279.285714285714,2374.3927272240007
1000,2252.8571428571427,2364.2339139423616
1001,2217.8571428571427,2358.2567755691907
1002,2195.3571428571427,2326.217607523717
1003,2183.214285714286,2297.0330913898674
1004,2170.3571428571427,2281.5321668130996
1005,2152.5,2254.872099310073
1006,2144.6428571428573,2233.232309651058
1007,2139.6428571428573,2210.1404895389346
1008,2147.5,2179.1696897535858
1009,2151.0714285714284,2160.08269814852
1010,2168.214285714286,2158.3037043486815
1011,2186.0714285714284,2128.5168304720123
1012,2198.214285714286,2123.316196298012
1013,2204.6428571428573,2094.583650967157
1014,2227.5,2090.3196277343677
1015,2260.3571428571427,2098.040120632589
1016,2282.8571428571427,2124.428033673598
1017,2295.714285714286,2121.86443583941
1018,2302.1428571428573,2139.117624759925
1019,2310.714285714286,2132.9091010951374
1020,2314.285714285714,2153.3935842631054
1021,2325.714285714286,2152.1289299971404
1022,2325.0,2193.6640748120963
1023,2320.0,2219.188815417518
1024,2320.714285714286,2263.2889080391915
1025,2330.714285714286,2229.2192463115684
1026,2340.714285714286,2263.0623826486826
1027,2355.0,2268.113169871869
1028,2370.7142857142862,2308.398915110447
1029,2380.0,2289.0759483071633
1030,2407.8571428571427,2334.6994849287744
1031,2437.8571428571427,2342.4094480412627
1032,2465.714285714286,2348.439910329363
1033,2497.8571428571427,2352.212543561286
1034,2529.285714285714,2378.090841972276
1035,2552.857142857143,2369.194523000554
1036,2572.8571428571427,2392.73777392666
1037,2609.285714285714,2401.7882597612906
1038,2641.4285714285716,2436.9018552462485
1039,2658.5714285714284,2459.956686111054
1040,2681.4285714285716,2460.8226934889535
1041,2707.142857142857,2475.9151163781885
1042,2723.571428571428,2518.120927545974
1043,2742.142857142857,2510.889934687077
1044,2746.4285714285716,2525.1069003907032
1045,2765.0,2569.4206936638525
1046,2778.5714285714284,2620.2476994017766
1047,2790.0,2629.31910981062
1048,2802.8571428571427,2634.798108320276
1049,2817.142857142857,2659.753700507112
1050,2830.0,2717.85813815896
1051,2835.0,2719.5636934531744
1052,2837.1428571428573,2734.288383825278
1053,2844.2857142857138,2789.8124839835673
1054,2857.857142857142,2829.547035438207
1055,2859.285714285714,2848.666156389483
1056,2857.142857142857,2831.7885298267724
1057,2858.571428571428,2867.9278344399113
1058,2862.142857142857,2872.752636261601
1059,2849.285714285714,2876.872482428202
1060,2844.999999999999,2892.436315724861
1061,2838.5714285714284,2920.2381899936363
1062,2835.0,2923.414405361871
1063,2829.2857142857147,2901.451702273716
1064,2838.5714285714284,2851.8639713181956
1065,2852.857142857142,2861.3972073295013
1066,2872.1428571428573,2847.292424343106
1067,2883.5714285714284,2825.772512244742
1068,2899.285714285714,2815.314815044994
1069,2923.5714285714284,2838.095601486239
1070,2945.714285714286,2857.1491137725643
1071,2972.8571428571427,2815.629358644449
1072,2999.9999999999995,2812.628639705095
1073,3019.2857142857138,2838.2025193106033
1074,3033.5714285714275,2813.1400092994027
1075,3045.0,2848.8176233073323
1076,3054.2857142857138,2838.9558039822605
1077,3055.714285714286,2849.9510602433957
1078,3046.428571428572,2884.6372544254023
1079,3030.714285714286,2868.485913083752
1080,3008.571428571428,2879.7687134937455
1081,2992.142857142857,2928.591550013852
1082,2969.285714285714,2899.874124375331
1083,2952.857142857142,2949.469145182513
1084,2940.0,2894.8330569543596
1085,2916.428571428571,2888.5635145312226
1086,2894.9999999999995,2853.733143283028
1087,2881.428571428571,2882.321781542201
1088,2875.714285714286,2816.565699591154
1089,2875.0,2828.2850811173016
1090,2875.714285714286,2789.373202922354
1091,2882.1428571428564,2792.769463812954
1092,2882.1428571428564,2730.2546659060813
1093,2884.2857142857138,2720.3828567842884
1094,2888.571428571429,2698.7514369549585
1095,2892.142857142857,2707.287043266704
1096,2890.7142857142862,2692.289928438077
1097,2882.1428571428564,2697.8888045083836
1098,2869.2857142857138,2676.052998838034
1099,2863.571428571428,2693.9514746278182
1100,2842.1428571428573,2669.6565589970915
1101,2821.4285714285716,2677.872221819262
1102,2795.7142857142853,2671.2225271317193
1103,2765.0,2679.456819574802
1104,2729.2857142857138,2669.0196419575072
1105,2703.5714285714284,2650.782593057236
1106,2681.4285714285716,2619.2257701966787
1107,2652.1428571428573,2607.0560378345726
1108,2621.4285714285716,2571.1207140706942
1109,2600.0,2528.2913505913702
1110,2587.1428571428573,2491.182630704545
1111,2577.1428571428573,2491.7137098977882
1112,2577.8571428571427,2460.248955163767
1113,2577.8571428571427,2443.666972585094
1114,2583.571428571429,2402.99068029363
1115,2590.714285714286,2395.2878720355493
1116,2593.5714285714284,2370.5835097365184
1117,2593.5714285714284,2361.9669050729817
1118,2602.1428571428573,2372.8023245865825
1119,2603.5714285714284,2397.165953819079
1120,2603.5714285714284,2388.6828614387446
1121,2618.5714285714284,2400.3906332011356
1122,2634.285714285714,2373.444101527274
1123,2644.285714285714,2375.520359278186
1124,2644.9999999999995,2391.282368542227
1125,2640.714285714285,2412.2123426450457
1126,2633.5714285714284,2430.7196560457933
1127,2623.5714285714284,2449.4119156831302
1128,2620.0,2451.160265106541
1129,2614.2857142857147,2456.580134819389
1130,2593.5714285714284,2438.8374458595495
1131,2575.0,2408.7491231169647
1132,2562.1428571428573,2400.1836824123093
1133,2548.571428571428,2412.309135675436
1134,2535.0,2404.7958635605473
1135,2515.714285714286,2395.4081545879594
1136,2497.8571428571427,2377.237119344398
1137,2484.285714285714,2366.6719643312736
1138,2475.714285714286,2335.0804471766987
1139,2474.285714285714,2308.144040296811
1140,2472.1428571428573,2301.0896238448186
1141,2467.8571428571427,2307.4504244109735
1142,2465.0000000000005,2280.3319062368087
1143,2454.285714285714,2280.5705813800864
1144,2460.7142857142853,2280.022087541208
1145,2482.1428571428573,2290.371651941315
1146,2492.1428571428573,2289.770914165531
1147,2503.5714285714284,2279.557561993686
1148,2519.285714285714,2285.313169874708
1149,2530.0,2272.671757110672
1150,2535.714285714286,2277.1801253713643
1151,2532.1428571428573,2305.808182828409
1152,2517.857142857142,2327.545575501332
1153,2494.285714285714,2355.0674654674162
1154,2469.285714285714,2367.050631625897
1155,2445.0,2359.238475592899
1156,2423.571428571428,2364.6614502425655
1157,2408.5714285714284,2369.441567973517
1158,2391.4285714285716,2350.751063300469
1159,2361.4285714285716,2342.5391804013816
1160,2324.285714285714,2340.397988971784
1161,2273.214285714286,2332.229575188158
1162,2222.5,2321.5454875951536
1163,2168.9285714285716,2294.929699191106
1164,2126.785714285714,2288.0163548684827
1165,2094.285714285714,2243.163517564164
1166,2067.5,2184.106809289759
1167,2048.5714285714284,2149.569787072301
1168,2030.7142857142858,2108.1865141669537
1169,2017.857142857143,2094.5959357171787
1170,1996.7857142857142,2082.4903270502405
1171,1975.357142857143,2049.4660840497345
1172,1954.642857142857,2046.9840245563491
1173,1938.5714285714287,1999.1488279390821
1174,1919.642857142857,1970.9223873096685
1175,1922.5,1953.13406927832
1176,1920.3571428571431,1958.128967638771
1177,1924.642857142857,1937.0733110934227
1178,1921.7857142857142,1924.8206904179838
1179,1916.4285714285713,1908.7954365106216
1180,1913.2142857142858,1920.8548761170389
1181,1900.0,1921.0155228480912
1182,1884.285714285714,1917.5170690369807
1183,1861.7857142857142,1925.2533566138013
1184,1838.9285714285713,1938.417748735902
1185,1817.5,1925.481906963105
1186,1791.7857142857142,1908.063751399442
1187,1763.5714285714287,1902.1747662324706
1188,1743.5714285714287,1899.0823841583394
1189,1713.2142857142858,1891.4570643234729
1190,1683.2142857142858,1869.961451730646
1191,1655.7142857142858,1864.5063477347687
1192,1630.0,1847.7105295073673
1193,1597.5,1812.914042569672
1194,1551.0714285714287,1779.629794859916
1195,1513.9285714285713,1752.7375320817546
1196,1486.4285714285713,1723.5616557720962
1197,1468.9285714285713,1707.7378177661878
1198,1461.4285714285713,1676.2802178865743
1199,1455.0,1655.262360572062
1200,1454.2857142857142,1635.3684903859041
1201,1458.9285714285713,1595.829144959081
1202,1473.2142857142858,1585.379277600006
1203,1493.571428571429,1575.7021345170178
1204,1525.0,1573.7395444531196
1205,1544.642857142857,1567.6588631869092
1206,1573.2142857142858,1575.328462120755
1207,1607.142857142857,1590.390105636309
1208,1651.4285714285713,1615.4262911831777
1209,1692.142857142857,1614.1516471204918
1210,1727.857142857143,1653.899968294936
1211,1761.0714285714287,1682.650603257691
1212,1790.357142857143,1711.1655330167341
1213,1817.142857142857,1730.293158794948
1214,1841.4285714285716,1772.7946139467715
1215,1865.7142857142858,1804.162035661391
1216,1886.0714285714287,1847.4362150893014
1217,1900.0,1859.4270760912023
1218,1906.4285714285713,1887.2972589699882
1219,1926.4285714285713,1913.0784943560818
1220,1936.4285714285713,1942.4707712622753
1221,1942.142857142857,1952.9610027999931
1222,1950.7142857142858,2011.0777252018627
1223,1962.857142857143,2014.1823920260153
1224,1961.7857142857142,2034.9739939445246
1225,1956.4285714285713,2050.7231784695323
1226,1948.5714285714287,2062.693249894473
1227,1942.857142857143,2086.1312029632504
1228,1932.857142857143,2104.016584019495
1229,1915.0,2097.6649632665435
1230,1893.9285714285713,2105.482789184167
1231,1882.857142857143,2085.0219305354713
1232,1873.5714285714287,2071.9338118613073
1233,1853.5714285714287,2066.949578283842
1234,1830.7142857142858,2067.390344314839
1235,1807.857142857143,2063.3832208544804
1236,1787.142857142857,2032.2982133931057
1237,1766.7857142857142,2021.5193577285058
1238,1753.9285714285713,2009.6224548146827
1239,1742.142857142857,1999.395332923033
1240,1724.642857142857,1960.9822695778653
1241,1710.357142857143,1932.7848533578433
1242,1706.0714285714287,1914.6688969934999
1243,1708.5714285714287,1915.5901182478706
1244,1716.428571428571,1895.0242317363527
1245,1718.9285714285713,1879.6330599262617
1246,1711.4285714285713,1872.745905070718
1247,1708.9285714285713,1866.2760267241513
1248,1707.5,1850.2622475832927
1249,1710.357142857143,1850.3185414377876
1250,1707.857142857143,1865.0457967576974
1251,1703.2142857142856,1882.176948161514
1252,1704.2857142857144,1873.8601723968575
1253,1713.2142857142858,1865.2751570905193
1254,1726.0714285714287,1888.9654200251257
1255,1737.142857142857,1896.759216431718
1256,1744.2857142857142,1896.2832161176923
1257,1749.2857142857144,1899.086164081423
1258,1745.7142857142858,1909.4797375860035
1259,1743.2142857142858,1928.729670875422
1260,1745.357142857143,1930.2602697297677
1261,1746.7857142857142,1933.8298670932013
1262,1757.5,1943.9319815285867
1263,1766.7857142857142,1922.489017864424
1264,1779.2857142857142,1903.8456272326678
1265,1795.0,1901.8326831934062
1266,1808.5714285714287,1907.7755322643188
1267,1812.8571428571431,1930.0064748941556
1268,1818.9285714285713,1937.0415867389713
1269,1822.5,1924.436758230494
1270,1830.0,1955.8969230579144
1271,1839.285714285714,1946.0826227658933
1272,1851.0714285714287,1918.5925921515136
1273,1857.142857142857,1913.12047850176
1274,1875.357142857143,1930.7972888021427
1275,1906.4285714285713,1930.9193263188413
1276,1927.142857142857,1955.0835646086787
1277,1951.4285714285713,1967.1459741546616
1278,1973.5714285714287,2027.8122546764089
1279,1993.5714285714287,2006.0434076435401
1280,2019.642857142857,2004.9338652212552
1281,2043.9285714285713,2001.9647356390997
1282,2069.6428571428573,2079.156569887772
1283,2101.785714285714,2107.0330976374485
1284,2129.285714285714,2119.3105578074365
1285,2155.714285714286,2123.163784399392
1286,2188.5714285714284,2181.687118527253
1287,2217.8571428571427,2177.4380799895453
1288,2230.0,2192.2862928481295
1289,2230.0,2230.0733739312054
1290,2232.1428571428573,2305.7194896331976
1291,2229.285714285714,2345.1875565104447
1292,2216.4285714285716,2329.3503537764905
1293,2202.1428571428573,2318.480239968873
1294,2190.714285714286,2364.9595241771567
1295,2185.0,2400.1200987061534
1296,2178.5714285714284,2381.0707713346706
1297,2167.8571428571427,2375.2422649370365
1298,2160.0,2398.3766091838497
1299,2161.4285714285716,2395.792626764461
1300,2151.4285714285716,2369.9291780512995
1301,2149.285714285714,2350.2005445027953
1302,2147.1428571428573,2375.673716157577
1303,2142.8571428571427,2363.599696847837
1304,2136.4285714285716,2320.314582642435
1305,2130.0,2307.709079147693
1306,2140.714285714286,2322.1925294287116
1307,2157.8571428571427,2324.298351578027
1308,2159.285714285714,2282.5620608561235
1309,2160.714285714286,2263.724004185563
1310,2166.4285714285716,2271.123608613438
1311,2169.285714285714,2261.494119560754
1312,2167.1428571428573,2233.9000060643225
1313,2153.5714285714284,2246.8011535431024
1314,2144.285714285714,2265.157540015012
1315,2138.5714285714284,2277.279753344067
1316,2135.714285714286,2238.7924415097577
1317,2133.5714285714284,2214.224156441736
1318,2127.1428571428573,2241.9705468395346
1319,2125.714285714286,2246.0461139071563
1320,2118.5714285714284,2192.880820750276
1321,2100.0,2201.396177474074
1322,2092.1428571428573,2220.7045645740354
1323,2082.8571428571427,2222.4055299616484
1324,2070.0,2196.6499440536218
1325,2062.8571428571427,2169.3946736621833
1326,2057.8571428571427,2189.8391976432677
1327,2062.8571428571427,2165.20597889656
1328,2078.5714285714284,2101.0536643109767
1329,2092.8571428571427,2111.011061691162
1330,2103.5714285714284,2130.5542090140643
1331,2109.285714285714,2125.0800704055164
1332,2123.5714285714284,2096.367099676344
1333,2128.5714285714284,2091.5084135441552
1334,2132.8571428571427,2131.9190312417445
1335,2142.8571428571427,2130.0621440269338
1336,2152.1428571428573,2089.137456789977
1337,2165.0,2103.024489207307
1338,2170.0,2104.8402022599576
1339,2165.0,2103.999574365619
1340,2162.8571428571427,2086.0199652267906
1341,2152.8571428571427,2104.3589370530653
1342,2132.1428571428573,2140.8972935460283
1343,2105.0,2142.1672127048596
1344,2084.285714285714,2132.988614477146
1345,2069.285714285714,2127.3786686320946
1346,2050.714285714286,2118.5387785121206
1347,2039.642857142857,2119.7503788576623
1348,2031.4285714285713,2096.5988899597196
1349,2025.0,2086.9463163767746
1350,2020.7142857142858,2089.3751869524835
1351,2008.5714285714287,2074.137372021784
1352,2002.857142857143,2057.7774599242716
1353,2007.1428571428569,2052.3488153899793
1354,2012.142857142857,2034.9305248290634
1355,2015.7142857142858,2036.9109345303557
1356,2020.0,2012.429857687762
1357,2028.5714285714287,1987.0918182832188
1358,2035.0,2017.069983267368
1359,2042.142857142857,2024.3907492995002
1360,2049.285714285714,2004.6212115833416
1361,2051.0714285714284,2004.754858863797
1362,2067.1428571428573,2017.678820878331
1363,2077.1428571428573,2015.631722534064
1364,2072.8571428571427,2018.3855314977084
1365,2070.714285714286,2021.0848015711465
1366,2067.1428571428573,2055.7311715635224
1367,2059.6428571428573,2057.309559445425
1368,2050.0,2072.426011845691
1369,2043.5714285714287,2064.765727722301
1370,2037.142857142857,2109.1583593911937
1371,2027.5,2073.307408910431
1372,2022.142857142857,2062.803137658403
1373,2014.642857142857,2054.5033715476225
1374,2008.9285714285713,2087.6939311638066
1375,2008.5714285714287,2079.8442458944787
1376,1994.2857142857142,2090.257933989754
